      TIME              V(A)              V(Y)             I(VVDD)     
   0.00000000e+00    0.00000000e+00    1.20000000e+00   -6.00276591e-12
   1.00000000e-12    0.00000000e+00    1.20000000e+00   -4.01901685e-12
   3.00000000e-12    0.00000000e+00    1.20000000e+00   -4.24938856e-12
   7.00000000e-12    0.00000000e+00    1.20000000e+00   -4.65667683e-12
   1.50000000e-11    0.00000000e+00    1.20000000e+00   -5.21692826e-12
   3.10000000e-11    0.00000000e+00    1.19999999e+00   -5.75843610e-12
   6.30000000e-11    0.00000000e+00    1.19999999e+00   -6.00886610e-12
   1.27000000e-10    0.00000000e+00    1.19999999e+00   -6.00062061e-12
   2.27000000e-10    0.00000000e+00    1.19999999e+00   -6.00387463e-12
   3.27000000e-10    0.00000000e+00    1.19999999e+00   -6.00219160e-12
   4.27000000e-10    0.00000000e+00    1.19999999e+00   -6.00305582e-12
   5.27000000e-10    0.00000000e+00    1.19999999e+00   -6.00262751e-12
   6.27000000e-10    0.00000000e+00    1.19999999e+00   -6.00282370e-12
   7.27000000e-10    0.00000000e+00    1.19999999e+00   -6.00275110e-12
   8.27000000e-10    0.00000000e+00    1.19999999e+00   -6.00275801e-12
   9.27000000e-10    0.00000000e+00    1.19999999e+00   -6.00278606e-12
   1.00000000e-09    0.00000000e+00    1.19999999e+00   -6.00273776e-12
   1.00003125e-09    1.87500000e-03    1.20034497e+00    1.18523905e-04
   1.00004302e-09    2.58133595e-03    1.20047483e+00    1.18577113e-04
   1.00005362e-09    3.21703830e-03    1.20059162e+00    1.18622357e-04
   1.00007481e-09    4.48844301e-03    1.20082504e+00    1.18715607e-04
   1.00011719e-09    7.03125242e-03    1.20129094e+00    1.18891319e-04
   1.00020195e-09    1.21168713e-02    1.20221892e+00    1.19249341e-04
   1.00037147e-09    2.22881089e-02    1.20405994e+00    1.19942045e-04
   1.00071051e-09    4.26305842e-02    1.20768412e+00    1.21284026e-04
   1.00104955e-09    6.29730595e-02    1.21123423e+00    1.22546762e-04
   1.00138859e-09    8.33155349e-02    1.21471431e+00    1.23745553e-04
   1.00172763e-09    1.03658010e-01    1.21812836e+00    1.24864830e-04
   1.00206667e-09    1.24000485e-01    1.22148034e+00    1.25919496e-04
   1.00240572e-09    1.44342961e-01    1.22477412e+00    1.26893544e-04
   1.00274476e-09    1.64685436e-01    1.22801358e+00    1.27801406e-04
   1.00308380e-09    1.85027911e-01    1.23120253e+00    1.28626576e-04
   1.00342284e-09    2.05370387e-01    1.23434475e+00    1.29382954e-04
   1.00376188e-09    2.25712862e-01    1.23744403e+00    1.30053461e-04
   1.00410092e-09    2.46055337e-01    1.24050410e+00    1.30651392e-04
   1.00443996e-09    2.66397813e-01    1.24352870e+00    1.31159019e-04
   1.00477900e-09    2.86740288e-01    1.24652153e+00    1.31588941e-04
   1.00511805e-09    3.07082763e-01    1.24948631e+00    1.31922689e-04
   1.00579613e-09    3.47767714e-01    1.25534844e+00    1.32334014e-04
   1.00647421e-09    3.88452665e-01    1.26114196e+00    1.32312526e-04
   1.00715229e-09    4.29137615e-01    1.26689448e+00    1.31870783e-04
   1.00850846e-09    5.10507517e-01    1.27835889e+00    1.29343106e-04
   1.00986462e-09    5.91877418e-01    1.28973543e+00    1.23620553e-04
   1.01000778e-09    6.00466956e-01    1.29091711e+00    1.22675095e-04
   1.01029410e-09    6.17646034e-01    1.29326211e+00    1.20393137e-04
   1.01058042e-09    6.34825111e-01    1.29556506e+00    1.18426657e-04
   1.01086674e-09    6.52004188e-01    1.29781328e+00    1.15584696e-04
   1.01115305e-09    6.69183266e-01    1.29999251e+00    1.13024690e-04
   1.01143937e-09    6.86362343e-01    1.30208691e+00    1.09557458e-04
   1.01172569e-09    7.03541420e-01    1.30407907e+00    1.06342038e-04
   1.01201201e-09    7.20720498e-01    1.30594992e+00    1.02190993e-04
   1.01229833e-09    7.37899575e-01    1.30767875e+00    9.82656941e-05
   1.01258464e-09    7.55078652e-01    1.30924314e+00    9.33821726e-05
   1.01287096e-09    7.72257730e-01    1.31061886e+00    8.87068932e-05
   1.01315728e-09    7.89436807e-01    1.31177982e+00    8.30625220e-05
   1.01341497e-09    8.04897977e-01    1.31261819e+00    7.82056298e-05
   1.01367265e-09    8.20359146e-01    1.31323782e+00    7.24650576e-05
   1.01393034e-09    8.35820316e-01    1.31361498e+00    6.69810638e-05
   1.01416226e-09    8.49735369e-01    1.31372619e+00    6.12131251e-05
   1.01437098e-09    8.62258916e-01    1.31362412e+00    5.63300420e-05
   1.01457971e-09    8.74782463e-01    1.31331414e+00    5.06299035e-05
   1.01478843e-09    8.87306011e-01    1.31277982e+00    4.52548439e-05
   1.01497629e-09    8.98577203e-01    1.31209347e+00    3.96652228e-05
   1.01516414e-09    9.09848396e-01    1.31120019e+00    3.45013191e-05
   1.01535199e-09    9.21119589e-01    1.31008955e+00    2.86561792e-05
   1.01553985e-09    9.32390781e-01    1.30875324e+00    2.33844414e-05
   1.01572770e-09    9.43661974e-01    1.30718597e+00    1.76182093e-05
   1.01589677e-09    9.53806047e-01    1.30557626e+00    1.31439422e-05
   1.01606584e-09    9.63950121e-01    1.30377823e+00    8.25775311e-06
   1.01623490e-09    9.74094194e-01    1.30179367e+00    4.17703218e-06
   1.01640397e-09    9.84238267e-01    1.29962485e+00   -3.09867726e-07
   1.01657304e-09    9.94382341e-01    1.29727394e+00   -4.02960662e-06
   1.01674211e-09    1.00452641e+00    1.29474252e+00   -8.22046223e-06
   1.01691117e-09    1.01467049e+00    1.29203139e+00   -1.17183727e-05
   1.01708024e-09    1.02481456e+00    1.28914051e+00   -1.57582667e-05
   1.01724931e-09    1.03495863e+00    1.28606915e+00   -1.91658159e-05
   1.01741838e-09    1.04510271e+00    1.28281599e+00   -2.31632888e-05
   1.01758745e-09    1.05524678e+00    1.27937927e+00   -2.65640726e-05
   1.01775651e-09    1.06539085e+00    1.27575696e+00   -3.05798411e-05
   1.01792558e-09    1.07553493e+00    1.27194681e+00   -3.40154594e-05
   1.01809465e-09    1.08567900e+00    1.26794650e+00   -3.80760489e-05
   1.01826372e-09    1.09582307e+00    1.26375367e+00   -4.15615899e-05
   1.01843279e-09    1.10596715e+00    1.25936596e+00   -4.56736405e-05
   1.01860185e-09    1.11611122e+00    1.25478107e+00   -4.92096229e-05
   1.01877092e-09    1.12625529e+00    1.24999680e+00   -5.33692802e-05
   1.01893999e-09    1.13639937e+00    1.24501101e+00   -5.69487562e-05
   1.01910906e-09    1.14654344e+00    1.23982170e+00   -6.11468944e-05
   1.01927813e-09    1.15668751e+00    1.23442700e+00   -6.47591987e-05
   1.01944719e-09    1.16683159e+00    1.22882515e+00   -6.89840424e-05
   1.01961626e-09    1.17697566e+00    1.22301454e+00   -7.26165592e-05
   1.01978533e-09    1.18711973e+00    1.21699373e+00   -7.68547975e-05
   1.01995440e-09    1.19726381e+00    1.21076140e+00   -8.04935689e-05
   1.02000000e-09    1.20000000e+00    1.20904398e+00   -8.18538413e-05
   1.02000106e-09    1.20000000e+00    1.20899667e+00   -1.51625995e-04
   1.02000156e-09    1.20000000e+00    1.20897425e+00   -1.51624188e-04
   1.02000201e-09    1.20000000e+00    1.20895408e+00   -1.51622883e-04
   1.02000291e-09    1.20000000e+00    1.20891373e+00   -1.51619702e-04
   1.02000471e-09    1.20000000e+00    1.20883302e+00   -1.51615268e-04
   1.02000832e-09    1.20000000e+00    1.20867162e+00   -1.51604473e-04
   1.02001553e-09    1.20000000e+00    1.20834883e+00   -1.51584816e-04
   1.02002995e-09    1.20000000e+00    1.20770327e+00   -1.51543596e-04
   1.02005879e-09    1.20000000e+00    1.20641226e+00   -1.51463161e-04
   1.02011647e-09    1.20000000e+00    1.20383069e+00   -1.51300666e-04
   1.02023184e-09    1.20000000e+00    1.19866937e+00   -1.50978704e-04
   1.02046257e-09    1.20000000e+00    1.18835422e+00   -1.50336387e-04
   1.02092403e-09    1.20000000e+00    1.16775577e+00   -1.49061358e-04
   1.02138549e-09    1.20000000e+00    1.14720305e+00   -1.47787998e-04
   1.02184694e-09    1.20000000e+00    1.12669997e+00   -1.46507619e-04
   1.02230840e-09    1.20000000e+00    1.10625029e+00   -1.45225438e-04
   1.02276986e-09    1.20000000e+00    1.08585768e+00   -1.43939405e-04
   1.02323132e-09    1.20000000e+00    1.06552571e+00   -1.42656117e-04
   1.02369278e-09    1.20000000e+00    1.04525790e+00   -1.41372575e-04
   1.02415424e-09    1.20000000e+00    1.02505773e+00   -1.40093923e-04
   1.02461570e-09    1.20000000e+00    1.00492865e+00   -1.38815906e-04
   1.02507716e-09    1.20000000e+00    9.84874081e-01   -1.37542741e-04
   1.02553862e-09    1.20000000e+00    9.64897465e-01   -1.36269536e-04
   1.02600008e-09    1.20000000e+00    9.45002246e-01   -1.35000078e-04
   1.02646154e-09    1.20000000e+00    9.25191900e-01   -1.33729179e-04
   1.02692300e-09    1.20000000e+00    9.05469936e-01   -1.32460417e-04
   1.02738446e-09    1.20000000e+00    8.85839919e-01   -1.31188451e-04
   1.02784592e-09    1.20000000e+00    8.66305474e-01   -1.29916737e-04
   1.02830738e-09    1.20000000e+00    8.46870301e-01   -1.28639830e-04
   1.02876884e-09    1.20000000e+00    8.27538190e-01   -1.27361090e-04
   1.02923030e-09    1.20000000e+00    8.08313028e-01   -1.26074978e-04
   1.02969176e-09    1.20000000e+00    7.89198818e-01   -1.24784760e-04
   1.03015321e-09    1.20000000e+00    7.70199687e-01   -1.23484799e-04
   1.03061467e-09    1.20000000e+00    7.51319905e-01   -1.22178258e-04
   1.03107613e-09    1.20000000e+00    7.32563893e-01   -1.20859391e-04
   1.03153759e-09    1.20000000e+00    7.13936244e-01   -1.19531249e-04
   1.03199905e-09    1.20000000e+00    6.95441732e-01   -1.18187965e-04
   1.03246051e-09    1.20000000e+00    6.77085330e-01   -1.16832470e-04
   1.03292197e-09    1.20000000e+00    6.58872225e-01   -1.15458773e-04
   1.03338343e-09    1.20000000e+00    6.40807831e-01   -1.14069681e-04
   1.03384489e-09    1.20000000e+00    6.22897805e-01   -1.12659085e-04
   1.03430635e-09    1.20000000e+00    6.05148060e-01   -1.11229678e-04
   1.03476781e-09    1.20000000e+00    5.87564777e-01   -1.09775255e-04
   1.03522927e-09    1.20000000e+00    5.70154419e-01   -1.08298424e-04
   1.03569073e-09    1.20000000e+00    5.52923735e-01   -1.06792919e-04
   1.03615219e-09    1.20000000e+00    5.35879769e-01   -1.05261323e-04
   1.03661365e-09    1.20000000e+00    5.19029867e-01   -1.03697377e-04
   1.03707511e-09    1.20000000e+00    5.02381667e-01   -1.02103720e-04
   1.03753657e-09    1.20000000e+00    4.85943101e-01   -1.00474206e-04
   1.03795188e-09    1.20000000e+00    4.71334298e-01   -9.89799983e-05
   1.03836719e-09    1.20000000e+00    4.56908110e-01   -9.74532162e-05
   1.03878251e-09    1.20000000e+00    4.42670859e-01   -9.58987764e-05
   1.03919782e-09    1.20000000e+00    4.28629005e-01   -9.43099936e-05
   1.03961313e-09    1.20000000e+00    4.14789121e-01   -9.26921095e-05
   1.04002845e-09    1.20000000e+00    4.01157864e-01   -9.10388198e-05
   1.04044376e-09    1.20000000e+00    3.87741944e-01   -8.93558065e-05
   1.04081754e-09    1.20000000e+00    3.75857192e-01   -8.78107614e-05
   1.04119132e-09    1.20000000e+00    3.64157188e-01   -8.62418207e-05
   1.04156511e-09    1.20000000e+00    3.52646765e-01   -8.46449297e-05
   1.04193889e-09    1.20000000e+00    3.41330678e-01   -8.30252707e-05
   1.04231267e-09    1.20000000e+00    3.30213571e-01   -8.13792359e-05
   1.04268645e-09    1.20000000e+00    3.19299945e-01   -7.97124674e-05
   1.04306024e-09    1.20000000e+00    3.08594126e-01   -7.80218276e-05
   1.04343402e-09    1.20000000e+00    2.98100223e-01   -7.63134309e-05
   1.04377042e-09    1.20000000e+00    2.88840048e-01   -7.47584431e-05
   1.04410683e-09    1.20000000e+00    2.79757290e-01   -7.31918478e-05
   1.04444323e-09    1.20000000e+00    2.70854370e-01   -7.16120306e-05
   1.04477963e-09    1.20000000e+00    2.62133490e-01   -7.00239916e-05
   1.04511604e-09    1.20000000e+00    2.53596612e-01   -6.84263619e-05
   1.04545244e-09    1.20000000e+00    2.45245446e-01   -6.68243577e-05
   1.04578885e-09    1.20000000e+00    2.37081434e-01   -6.52167965e-05
   1.04612525e-09    1.20000000e+00    2.29105741e-01   -6.36090481e-05
   1.04646165e-09    1.20000000e+00    2.21319246e-01   -6.20000485e-05
   1.04679806e-09    1.20000000e+00    2.13722534e-01   -6.03952491e-05
   1.04713446e-09    1.20000000e+00    2.06315890e-01   -5.87936298e-05
   1.04747086e-09    1.20000000e+00    1.99099304e-01   -5.72006479e-05
   1.04780727e-09    1.20000000e+00    1.92072462e-01   -5.56152516e-05
   1.04814367e-09    1.20000000e+00    1.85234759e-01   -5.40428303e-05
   1.04848008e-09    1.20000000e+00    1.78585297e-01   -5.24822303e-05
   1.04881648e-09    1.20000000e+00    1.72122895e-01   -5.09387066e-05
   1.04915288e-09    1.20000000e+00    1.65846100e-01   -4.94109423e-05
   1.04948929e-09    1.20000000e+00    1.59753197e-01   -4.79040035e-05
   1.04982569e-09    1.20000000e+00    1.53842223e-01   -4.64163618e-05
   1.05016210e-09    1.20000000e+00    1.48110978e-01   -4.49528532e-05
   1.05049850e-09    1.20000000e+00    1.42557044e-01   -4.35117044e-05
   1.05083490e-09    1.20000000e+00    1.37177801e-01   -4.20974954e-05
   1.05117131e-09    1.20000000e+00    1.31970441e-01   -4.07081890e-05
   1.05150771e-09    1.20000000e+00    1.26931986e-01   -3.93480973e-05
   1.05184412e-09    1.20000000e+00    1.22059308e-01   -3.80149142e-05
   1.05218052e-09    1.20000000e+00    1.17349145e-01   -3.67126848e-05
   1.05251692e-09    1.20000000e+00    1.12798116e-01   -3.54388406e-05
   1.05285333e-09    1.20000000e+00    1.08402741e-01   -3.41971710e-05
   1.05318973e-09    1.20000000e+00    1.04159453e-01   -3.29848606e-05
   1.05352614e-09    1.20000000e+00    1.00064622e-01   -3.18054625e-05
   1.05386254e-09    1.20000000e+00    9.61145588e-02   -3.06559364e-05
   1.05419894e-09    1.20000000e+00    9.23055392e-02   -2.95396235e-05
   1.05453535e-09    1.20000000e+00    8.86338117e-02   -2.84532851e-05
   1.05487175e-09    1.20000000e+00    8.50956119e-02   -2.74000776e-05
   1.05520816e-09    1.20000000e+00    8.16871745e-02   -2.63765919e-05
   1.05554456e-09    1.20000000e+00    7.84047431e-02   -2.53858281e-05
   1.05588096e-09    1.20000000e+00    7.52445811e-02   -2.44242352e-05
   1.05621737e-09    1.20000000e+00    7.22029800e-02   -2.34946849e-05
   1.05655377e-09    1.20000000e+00    6.92762679e-02   -2.25935111e-05
   1.05689018e-09    1.20000000e+00    6.64608167e-02   -2.17234836e-05
   1.05722658e-09    1.20000000e+00    6.37530486e-02   -2.08808465e-05
   1.05756298e-09    1.20000000e+00    6.11494419e-02   -2.00682918e-05
   1.05789939e-09    1.20000000e+00    5.86465357e-02   -1.92819964e-05
   1.05823579e-09    1.20000000e+00    5.62409348e-02   -1.85245955e-05
   1.05857219e-09    1.20000000e+00    5.39293129e-02   -1.77922192e-05
   1.05890860e-09    1.20000000e+00    5.17084157e-02   -1.70874644e-05
   1.05924500e-09    1.20000000e+00    4.95750638e-02   -1.64064312e-05
   1.05958141e-09    1.20000000e+00    4.75261543e-02   -1.57516938e-05
   1.05991781e-09    1.20000000e+00    4.55586626e-02   -1.51193368e-05
   1.06025421e-09    1.20000000e+00    4.36696433e-02   -1.45119252e-05
   1.06059062e-09    1.20000000e+00    4.18562314e-02   -1.39255394e-05
   1.06092702e-09    1.20000000e+00    4.01156421e-02   -1.33627457e-05
   1.06126343e-09    1.20000000e+00    3.84451713e-02   -1.28196303e-05
   1.06159983e-09    1.20000000e+00    3.68421953e-02   -1.22987691e-05
   1.06193623e-09    1.20000000e+00    3.53041700e-02   -1.17962614e-05
   1.06227264e-09    1.20000000e+00    3.38286309e-02   -1.13146994e-05
   1.06260904e-09    1.20000000e+00    3.24131917e-02   -1.08502014e-05
   1.06294545e-09    1.20000000e+00    3.10555434e-02   -1.04053806e-05
   1.06328185e-09    1.20000000e+00    2.97534530e-02   -9.97637853e-06
   1.06361825e-09    1.20000000e+00    2.85047625e-02   -9.56583339e-06
   1.06395466e-09    1.20000000e+00    2.73073872e-02   -9.16991283e-06
   1.06429106e-09    1.20000000e+00    2.61593144e-02   -8.79128229e-06
   1.06462747e-09    1.20000000e+00    2.50586014e-02   -8.42613764e-06
   1.06496387e-09    1.20000000e+00    2.40033745e-02   -8.07717318e-06
   1.06530027e-09    1.20000000e+00    2.29918267e-02   -7.74061414e-06
   1.06563668e-09    1.20000000e+00    2.20222164e-02   -7.41918447e-06
   1.06597308e-09    1.20000000e+00    2.10928656e-02   -7.10913926e-06
   1.06630949e-09    1.20000000e+00    2.02021577e-02   -6.81323237e-06
   1.06664589e-09    1.20000000e+00    1.93485363e-02   -6.52774869e-06
   1.06698229e-09    1.20000000e+00    1.85305032e-02   -6.25547173e-06
   1.06731870e-09    1.20000000e+00    1.77466167e-02   -5.99271578e-06
   1.06765510e-09    1.20000000e+00    1.69954895e-02   -5.74229338e-06
   1.06799151e-09    1.20000000e+00    1.62757875e-02   -5.50054749e-06
   1.06832791e-09    1.20000000e+00    1.55862279e-02   -5.27031884e-06
   1.06866431e-09    1.20000000e+00    1.49255772e-02   -5.04797805e-06
   1.06900072e-09    1.20000000e+00    1.42926501e-02   -4.83639300e-06
   1.06967352e-09    1.20000000e+00    1.31049418e-02   -4.43655196e-06
   1.07034633e-09    1.20000000e+00    1.20151107e-02   -4.07082208e-06
   1.07101914e-09    1.20000000e+00    1.10152266e-02   -3.73323474e-06
   1.07169195e-09    1.20000000e+00    1.00979791e-02   -3.42485841e-06
   1.07236476e-09    1.20000000e+00    9.25663303e-03   -3.14008068e-06
   1.07303756e-09    1.20000000e+00    8.48498632e-03   -2.88030716e-06
   1.07371037e-09    1.20000000e+00    7.77733070e-03   -2.64024165e-06
   1.07438318e-09    1.20000000e+00    7.12841443e-03   -2.42158555e-06
   1.07505599e-09    1.20000000e+00    6.53340770e-03   -2.21931870e-06
   1.07572880e-09    1.20000000e+00    5.98787025e-03   -2.03539962e-06
   1.07640160e-09    1.20000000e+00    5.48772122e-03   -1.86504722e-06
   1.07707441e-09    1.20000000e+00    5.02921112e-03   -1.71044195e-06
   1.07774722e-09    1.20000000e+00    4.60889580e-03   -1.56700849e-06
   1.07842003e-09    1.20000000e+00    4.22361232e-03   -1.43711783e-06
   1.07909284e-09    1.20000000e+00    3.87045659e-03   -1.31637090e-06
   1.07976564e-09    1.20000000e+00    3.54676269e-03   -1.20730157e-06
   1.08111126e-09    1.20000000e+00    2.97718695e-03   -1.01292042e-06
   1.08245687e-09    1.20000000e+00    2.49893314e-03   -8.51215945e-07
   1.08380249e-09    1.20000000e+00    2.09740368e-03   -7.13796367e-07
   1.08514811e-09    1.20000000e+00    1.76032111e-03   -5.99987561e-07
   1.08649372e-09    1.20000000e+00    1.47736332e-03   -5.02826805e-07
   1.08783934e-09    1.20000000e+00    1.23985492e-03   -4.22847981e-07
   1.08918495e-09    1.20000000e+00    1.04050650e-03   -3.54108218e-07
   1.09053057e-09    1.20000000e+00    8.73194549e-04   -2.98001499e-07
   1.09322180e-09    1.20000000e+00    6.13253983e-04   -2.08595728e-07
   1.09591303e-09    1.20000000e+00    4.30680924e-04   -1.47268757e-07
   1.09860426e-09    1.20000000e+00    3.02459423e-04   -1.02710072e-07
   1.10129550e-09    1.20000000e+00    2.12414743e-04   -7.28969798e-08
   1.10667796e-09    1.20000000e+00    1.02341177e-04   -3.45137177e-08
   1.11744288e-09    1.20000000e+00    1.81466276e-05   -6.68903109e-09
   1.13897274e-09    1.20000000e+00   -2.91290802e-06    1.35972835e-09
   1.15762391e-09    1.20000000e+00    3.83711958e-07   -6.34686081e-10
   1.17627509e-09    1.20000000e+00    6.68492345e-08    3.44088633e-10
   1.19492626e-09    1.20000000e+00    9.73048854e-08   -5.37065467e-10
   1.23222861e-09    1.20000000e+00    9.35230073e-08    3.34996992e-10
   1.30683331e-09    1.20000000e+00    9.53739331e-08   -5.36403851e-10
   1.45604270e-09    1.20000000e+00    9.40313334e-08    3.34819685e-10
   1.75446150e-09    1.20000000e+00    9.51790792e-08   -5.36336510e-10
   2.15446150e-09    1.20000000e+00    9.41294286e-08    3.34785764e-10
   2.55446150e-09    1.20000000e+00    9.51019883e-08   -5.36310007e-10
   2.95446150e-09    1.20000000e+00    9.42010256e-08    3.34761209e-10
   3.02000000e-09    1.20000000e+00    9.49029017e-08   -5.36242057e-10
   3.02003125e-09    1.19812500e+00   -2.34980728e-04   -6.56725773e-05
   3.02004497e-09    1.19730192e+00   -3.37988870e-04   -6.56301021e-05
   3.02005731e-09    1.19656115e+00   -4.30547992e-04   -6.55944151e-05
   3.02008201e-09    1.19507962e+00   -6.15370508e-04   -6.55196784e-05
   3.02013139e-09    1.19211654e+00   -9.83256128e-04   -6.53839161e-05
   3.02023016e-09    1.18619039e+00   -1.71210357e-03   -6.51053895e-05
   3.02042770e-09    1.17433809e+00   -3.14300025e-03   -6.45817071e-05
   3.02062524e-09    1.16248578e+00   -4.53957660e-03   -6.40778333e-05
   3.02082278e-09    1.15063348e+00   -5.90367684e-03   -6.36082739e-05
   3.02102031e-09    1.13878118e+00   -7.23709849e-03   -6.31569284e-05
   3.02121785e-09    1.12692887e+00   -8.54159499e-03   -6.27384452e-05
   3.02141539e-09    1.11507657e+00   -9.81887873e-03   -6.23369087e-05
   3.02181047e-09    1.09137197e+00   -1.22992669e-02   -6.16160876e-05
   3.02220554e-09    1.06766736e+00   -1.46903960e-02   -6.09843218e-05
   3.02260062e-09    1.04396275e+00   -1.70048291e-02   -6.04546448e-05
   3.02299570e-09    1.02025815e+00   -1.92548474e-02   -6.00241354e-05
   3.02339077e-09    9.96553543e-01   -2.14526990e-02   -5.97247618e-05
   3.02378585e-09    9.72848937e-01   -2.36110305e-02   -5.95894579e-05
   3.02457600e-09    9.25439726e-01   -2.78716985e-02   -6.00876692e-05
   3.02536616e-09    8.78030514e-01   -3.21839189e-02   -6.34473981e-05
   3.02549149e-09    8.70510705e-01   -3.28873987e-02   -6.43591360e-05
   3.02561682e-09    8.62990895e-01   -3.35992841e-02   -6.64133347e-05
   3.02586748e-09    8.47951277e-01   -3.50537736e-02   -6.80234484e-05
   3.02611814e-09    8.32911659e-01   -3.65560174e-02   -7.20412024e-05
   3.02636880e-09    8.17872040e-01   -3.81119419e-02   -7.43189066e-05
   3.02661946e-09    8.02832422e-01   -3.97239737e-02   -7.86774572e-05
   3.02687012e-09    7.87792803e-01   -4.13908982e-02   -8.09899611e-05
   3.02712078e-09    7.72753185e-01   -4.31084803e-02   -8.51661808e-05
   3.02737144e-09    7.57713566e-01   -4.48704341e-02   -8.71853455e-05
   3.02762210e-09    7.42673948e-01   -4.66693436e-02   -9.10437514e-05
   3.02787276e-09    7.27634330e-01   -4.84973347e-02   -9.27752598e-05
   3.02837408e-09    6.97555093e-01   -5.22070103e-02   -9.90639639e-05
   3.02887540e-09    6.67475856e-01   -5.59390989e-02   -1.02966370e-04
   3.02901996e-09    6.58802505e-01   -5.70065763e-02   -1.04654552e-04
   3.02930907e-09    6.41455804e-01   -5.91359867e-02   -1.08116866e-04
   3.02959818e-09    6.24109103e-01   -6.12350328e-02   -1.10463072e-04
   3.02988729e-09    6.06762402e-01   -6.32914391e-02   -1.13971824e-04
   3.03017640e-09    5.89415701e-01   -6.52924424e-02   -1.16369375e-04
   3.03046552e-09    5.72069000e-01   -6.72247652e-02   -1.19925329e-04
   3.03075463e-09    5.54722299e-01   -6.90746677e-02   -1.22360337e-04
   3.03104374e-09    5.37375598e-01   -7.08280772e-02   -1.25941524e-04
   3.03133285e-09    5.20028897e-01   -7.24707880e-02   -1.28389713e-04
   3.03162196e-09    5.02682196e-01   -7.39887223e-02   -1.31974373e-04
   3.03191108e-09    4.85335495e-01   -7.53682531e-02   -1.34420629e-04
   3.03220019e-09    4.67988794e-01   -7.65966225e-02   -1.38004583e-04
   3.03248930e-09    4.50642093e-01   -7.76625038e-02   -1.40461049e-04
   3.03277841e-09    4.33295391e-01   -7.85566887e-02   -1.44078432e-04
   3.03306752e-09    4.15948690e-01   -7.92727060e-02   -1.46602881e-04
   3.03335663e-09    3.98601989e-01   -7.98070228e-02   -1.50326786e-04
   3.03364575e-09    3.81255288e-01   -8.01585776e-02   -1.52988383e-04
   3.03393486e-09    3.63908587e-01   -8.03277848e-02   -1.56862695e-04
   3.03422397e-09    3.46561886e-01   -8.03154721e-02   -1.59669416e-04
   3.03451308e-09    3.29215185e-01   -8.01221556e-02   -1.63671120e-04
   3.03480219e-09    3.11868484e-01   -7.97477508e-02   -1.66582923e-04
   3.03509130e-09    2.94521783e-01   -7.91915921e-02   -1.70668351e-04
   3.03538042e-09    2.77175082e-01   -7.84525871e-02   -1.73645901e-04
   3.03566953e-09    2.59828381e-01   -7.75293914e-02   -1.77782825e-04
   3.03595864e-09    2.42481680e-01   -7.64205533e-02   -1.80800774e-04
   3.03624775e-09    2.25134979e-01   -7.51246167e-02   -1.84969378e-04
   3.03653686e-09    2.07788278e-01   -7.36401878e-02   -1.88011974e-04
   3.03682597e-09    1.90441577e-01   -7.19659740e-02   -1.92199360e-04
   3.03711509e-09    1.73094876e-01   -7.01008060e-02   -1.95255683e-04
   3.03740420e-09    1.55748175e-01   -6.80436461e-02   -1.99452299e-04
   3.03769331e-09    1.38401473e-01   -6.57935912e-02   -2.02513754e-04
   3.03798242e-09    1.21054772e-01   -6.33498707e-02   -2.06711699e-04
   3.03827153e-09    1.03708071e-01   -6.07118425e-02   -2.09770903e-04
   3.03856064e-09    8.63613703e-02   -5.78789876e-02   -2.13963195e-04
   3.03884976e-09    6.90146693e-02   -5.48509053e-02   -2.17013485e-04
   3.03913887e-09    5.16679682e-02   -5.16273074e-02   -2.21193721e-04
   3.03942798e-09    3.43212671e-02   -4.82080141e-02   -2.24228918e-04
   3.03971709e-09    1.69745661e-02   -4.45929490e-02   -2.28391109e-04
   3.04000000e-09    2.88657986e-14   -4.08659415e-02   -2.31328609e-04
   3.04000181e-09    0.00000000e+00   -4.08228119e-02   -1.24817900e-04
   3.04000255e-09    0.00000000e+00   -4.08051376e-02   -1.24817160e-04
   3.04000321e-09    0.00000000e+00   -4.07894087e-02   -1.24816642e-04
   3.04000452e-09    0.00000000e+00   -4.07579508e-02   -1.24815418e-04
   3.04000716e-09    0.00000000e+00   -4.06950352e-02   -1.24813614e-04
   3.04001243e-09    0.00000000e+00   -4.05692050e-02   -1.24809362e-04
   3.04002298e-09    0.00000000e+00   -4.03175479e-02   -1.24801500e-04
   3.04004406e-09    0.00000000e+00   -3.98142473e-02   -1.24785136e-04
   3.04008624e-09    0.00000000e+00   -3.88077007e-02   -1.24753053e-04
   3.04017059e-09    0.00000000e+00   -3.67948274e-02   -1.24688258e-04
   3.04033928e-09    0.00000000e+00   -3.27699733e-02   -1.24559359e-04
   3.04067668e-09    0.00000000e+00   -2.47239362e-02   -1.24301099e-04
   3.04135147e-09    0.00000000e+00   -8.64734214e-03   -1.23785789e-04
   3.04270106e-09    0.00000000e+00    2.34377500e-02   -1.22755675e-04
   3.04405064e-09    0.00000000e+00    5.54212928e-02   -1.21729544e-04
   3.04540022e-09    0.00000000e+00    8.72905609e-02   -1.20697459e-04
   3.04674981e-09    0.00000000e+00    1.19033246e-01   -1.19664755e-04
   3.04809939e-09    0.00000000e+00    1.50637269e-01   -1.18621767e-04
   3.04944898e-09    0.00000000e+00    1.82090610e-01   -1.17573980e-04
   3.05079856e-09    0.00000000e+00    2.13381166e-01   -1.16511777e-04
   3.05214814e-09    0.00000000e+00    2.44496607e-01   -1.15440598e-04
   3.05349773e-09    0.00000000e+00    2.75424246e-01   -1.14350702e-04
   3.05484731e-09    0.00000000e+00    3.06150913e-01   -1.13247330e-04
   3.05619690e-09    0.00000000e+00    3.36662823e-01   -1.12120474e-04
   3.05741152e-09    0.00000000e+00    3.63928075e-01   -1.11091275e-04
   3.05862615e-09    0.00000000e+00    3.90996436e-01   -1.10037267e-04
   3.05984077e-09    0.00000000e+00    4.17856060e-01   -1.08965423e-04
   3.06093394e-09    0.00000000e+00    4.41841008e-01   -1.07975559e-04
   3.06202710e-09    0.00000000e+00    4.65636982e-01   -1.06967406e-04
   3.06312026e-09    0.00000000e+00    4.89233677e-01   -1.05931224e-04
   3.06421343e-09    0.00000000e+00    5.12620160e-01   -1.04872382e-04
   3.06519727e-09    0.00000000e+00    5.33478829e-01   -1.03891532e-04
   3.06618112e-09    0.00000000e+00    5.54148909e-01   -1.02888335e-04
   3.06716497e-09    0.00000000e+00    5.74620980e-01   -1.01854691e-04
   3.06814881e-09    0.00000000e+00    5.94885125e-01   -1.00794425e-04
   3.06903427e-09    0.00000000e+00    6.12936601e-01   -9.98104290e-05
   3.06991974e-09    0.00000000e+00    6.30803277e-01   -9.88009638e-05
   3.07080520e-09    0.00000000e+00    6.48476869e-01   -9.77596466e-05
   3.07169066e-09    0.00000000e+00    6.65948774e-01   -9.66889873e-05
   3.07257612e-09    0.00000000e+00    6.83210075e-01   -9.55824579e-05
   3.07337304e-09    0.00000000e+00    6.98557698e-01   -9.45585583e-05
   3.07416995e-09    0.00000000e+00    7.13720390e-01   -9.35012472e-05
   3.07496687e-09    0.00000000e+00    7.28691102e-01   -9.24148158e-05
   3.07576379e-09    0.00000000e+00    7.43462659e-01   -9.12918742e-05
   3.07656070e-09    0.00000000e+00    7.58027787e-01   -9.01367700e-05
   3.07735762e-09    0.00000000e+00    7.72379144e-01   -8.89422165e-05
   3.07807484e-09    0.00000000e+00    7.85106603e-01   -8.78377773e-05
   3.07879207e-09    0.00000000e+00    7.97649571e-01   -8.66983800e-05
   3.07950929e-09    0.00000000e+00    8.10002720e-01   -8.55300373e-05
   3.08022652e-09    0.00000000e+00    8.22160785e-01   -8.43253048e-05
   3.08094374e-09    0.00000000e+00    8.34118596e-01   -8.30904828e-05
   3.08166096e-09    0.00000000e+00    8.45871110e-01   -8.18184607e-05
   3.08237819e-09    0.00000000e+00    8.57413448e-01   -8.05159208e-05
   3.08309541e-09    0.00000000e+00    8.68740920e-01   -7.91761812e-05
   3.08374091e-09    0.00000000e+00    8.78748315e-01   -7.79450829e-05
   3.08438642e-09    0.00000000e+00    8.88574979e-01   -7.66838071e-05
   3.08503192e-09    0.00000000e+00    8.98218031e-01   -7.54000397e-05
   3.08567742e-09    0.00000000e+00    9.07674800e-01   -7.40875365e-05
   3.08632292e-09    0.00000000e+00    9.16942842e-01   -7.27543633e-05
   3.08696842e-09    0.00000000e+00    9.26019956e-01   -7.13946605e-05
   3.08761393e-09    0.00000000e+00    9.34904199e-01   -7.00168771e-05
   3.08825943e-09    0.00000000e+00    9.43593898e-01   -6.86155286e-05
   3.08890493e-09    0.00000000e+00    9.52087667e-01   -6.71994249e-05
   3.08955043e-09    0.00000000e+00    9.60384410e-01   -6.57634220e-05
   3.09019593e-09    0.00000000e+00    9.68483331e-01   -6.43166434e-05
   3.09084143e-09    0.00000000e+00    9.76383939e-01   -6.28542266e-05
   3.09148694e-09    0.00000000e+00    9.84086053e-01   -6.13855393e-05
   3.09213244e-09    0.00000000e+00    9.91589798e-01   -5.99059217e-05
   3.09277794e-09    0.00000000e+00    9.98895608e-01   -5.84248997e-05
   3.09342344e-09    0.00000000e+00    1.00600422e+00   -5.69379243e-05
   3.09406894e-09    0.00000000e+00    1.01291666e+00   -5.54545844e-05
   3.09471445e-09    0.00000000e+00    1.01963426e+00   -5.39703457e-05
   3.09535995e-09    0.00000000e+00    1.02615862e+00   -5.24947637e-05
   3.09600545e-09    0.00000000e+00    1.03249159e+00   -5.10232258e-05
   3.09665095e-09    0.00000000e+00    1.03863531e+00   -4.95651660e-05
   3.09729645e-09    0.00000000e+00    1.04459213e+00   -4.81158105e-05
   3.09794196e-09    0.00000000e+00    1.05036464e+00   -4.66843973e-05
   3.09858746e-09    0.00000000e+00    1.05595561e+00   -4.52659253e-05
   3.09923296e-09    0.00000000e+00    1.06136804e+00   -4.38693791e-05
   3.09987846e-09    0.00000000e+00    1.06660508e+00   -4.24894836e-05
   3.10052396e-09    0.00000000e+00    1.07167002e+00   -4.11349328e-05
   3.10116946e-09    0.00000000e+00    1.07656630e+00   -3.98001498e-05
   3.10181497e-09    0.00000000e+00    1.08129750e+00   -3.84935203e-05
   3.10246047e-09    0.00000000e+00    1.08586726e+00   -3.72091566e-05
   3.10310597e-09    0.00000000e+00    1.09027934e+00   -3.59551353e-05
   3.10375147e-09    0.00000000e+00    1.09453754e+00   -3.47252645e-05
   3.10439697e-09    0.00000000e+00    1.09864572e+00   -3.35273248e-05
   3.10504248e-09    0.00000000e+00    1.10260780e+00   -3.23548388e-05
   3.10568798e-09    0.00000000e+00    1.10642770e+00   -3.12153144e-05
   3.10633348e-09    0.00000000e+00    1.11010934e+00   -3.01020159e-05
   3.10697898e-09    0.00000000e+00    1.11365668e+00   -2.90222083e-05
   3.10762448e-09    0.00000000e+00    1.11707362e+00   -2.79689295e-05
   3.10826998e-09    0.00000000e+00    1.12036407e+00   -2.69492353e-05
   3.10891549e-09    0.00000000e+00    1.12353189e+00   -2.59559713e-05
   3.10956099e-09    0.00000000e+00    1.12658090e+00   -2.49960178e-05
   3.11020649e-09    0.00000000e+00    1.12951489e+00   -2.40620619e-05
   3.11085199e-09    0.00000000e+00    1.13233757e+00   -2.31608417e-05
   3.11149749e-09    0.00000000e+00    1.13505260e+00   -2.22849175e-05
   3.11214300e-09    0.00000000e+00    1.13766358e+00   -2.14409156e-05
   3.11278850e-09    0.00000000e+00    1.14017402e+00   -2.06212987e-05
   3.11343400e-09    0.00000000e+00    1.14258738e+00   -1.98326086e-05
   3.11407950e-09    0.00000000e+00    1.14490703e+00   -1.90672360e-05
   3.11472500e-09    0.00000000e+00    1.14713626e+00   -1.83316620e-05
   3.11537050e-09    0.00000000e+00    1.14927827e+00   -1.76182272e-05
   3.11601601e-09    0.00000000e+00    1.15133620e+00   -1.69333721e-05
   3.11666151e-09    0.00000000e+00    1.15331309e+00   -1.62694058e-05
   3.11730701e-09    0.00000000e+00    1.15521189e+00   -1.56327452e-05
   3.11795251e-09    0.00000000e+00    1.15703547e+00   -1.50156829e-05
   3.11859801e-09    0.00000000e+00    1.15878663e+00   -1.44246261e-05
   3.11924352e-09    0.00000000e+00    1.16046807e+00   -1.38518629e-05
   3.11988902e-09    0.00000000e+00    1.16208240e+00   -1.33038018e-05
   3.12053452e-09    0.00000000e+00    1.16363217e+00   -1.27727365e-05
   3.12118002e-09    0.00000000e+00    1.16511981e+00   -1.22650850e-05
   3.12182552e-09    0.00000000e+00    1.16654772e+00   -1.17731542e-05
   3.12247103e-09    0.00000000e+00    1.16791818e+00   -1.13033782e-05
   3.12311653e-09    0.00000000e+00    1.16923341e+00   -1.08480827e-05
   3.12376203e-09    0.00000000e+00    1.17049555e+00   -1.04137227e-05
   3.12440753e-09    0.00000000e+00    1.17170666e+00   -9.99264684e-06
   3.12505303e-09    0.00000000e+00    1.17286874e+00   -9.59133463e-06
   3.12569853e-09    0.00000000e+00    1.17398371e+00   -9.20216041e-06
   3.12634404e-09    0.00000000e+00    1.17505341e+00   -8.83163040e-06
   3.12698954e-09    0.00000000e+00    1.17607965e+00   -8.47214654e-06
   3.12763504e-09    0.00000000e+00    1.17706412e+00   -8.13024320e-06
   3.12828054e-09    0.00000000e+00    1.17800850e+00   -7.79835087e-06
   3.12892604e-09    0.00000000e+00    1.17891438e+00   -7.48303276e-06
   3.12957155e-09    0.00000000e+00    1.17978328e+00   -7.17674829e-06
   3.13021705e-09    0.00000000e+00    1.18061669e+00   -6.88608959e-06
   3.13086255e-09    0.00000000e+00    1.18141603e+00   -6.60354490e-06
   3.13150805e-09    0.00000000e+00    1.18218267e+00   -6.33573492e-06
   3.13215355e-09    0.00000000e+00    1.18291792e+00   -6.07517620e-06
   3.13279905e-09    0.00000000e+00    1.18362303e+00   -5.82851738e-06
   3.13344456e-09    0.00000000e+00    1.18429924e+00   -5.58830249e-06
   3.13409006e-09    0.00000000e+00    1.18494771e+00   -5.36120719e-06
   3.13538106e-09    0.00000000e+00    1.18616636e+00   -4.92884254e-06
   3.13667207e-09    0.00000000e+00    1.18728686e+00   -4.53412658e-06
   3.13796307e-09    0.00000000e+00    1.18831703e+00   -4.16735587e-06
   3.13925407e-09    0.00000000e+00    1.18926408e+00   -3.83319132e-06
   3.14054508e-09    0.00000000e+00    1.19013465e+00   -3.52228163e-06
   3.14183608e-09    0.00000000e+00    1.19093487e+00   -3.23962997e-06
   3.14312708e-09    0.00000000e+00    1.19167039e+00   -2.97620509e-06
   3.14441809e-09    0.00000000e+00    1.19234640e+00   -2.73731003e-06
   3.14570909e-09    0.00000000e+00    1.19296769e+00   -2.51419388e-06
   3.14700010e-09    0.00000000e+00    1.19353867e+00   -2.31242119e-06
   3.14829110e-09    0.00000000e+00    1.19406338e+00   -2.12348456e-06
   3.14958210e-09    0.00000000e+00    1.19454556e+00   -1.95317496e-06
   3.15087311e-09    0.00000000e+00    1.19498865e+00   -1.79319519e-06
   3.15216411e-09    0.00000000e+00    1.19539581e+00   -1.64953119e-06
   3.15345511e-09    0.00000000e+00    1.19576993e+00   -1.51406636e-06
   3.15474612e-09    0.00000000e+00    1.19611369e+00   -1.39295381e-06
   3.15603712e-09    0.00000000e+00    1.19642955e+00   -1.27823157e-06
   3.15861913e-09    0.00000000e+00    1.19698734e+00   -1.08046088e-06
   3.16120114e-09    0.00000000e+00    1.19745806e+00   -9.10210319e-07
   3.16378314e-09    0.00000000e+00    1.19785528e+00   -7.69745372e-07
   3.16636515e-09    0.00000000e+00    1.19819047e+00   -6.47915225e-07
   3.16894716e-09    0.00000000e+00    1.19847330e+00   -5.48347601e-07
   3.17152917e-09    0.00000000e+00    1.19871194e+00   -4.61054486e-07
   3.17411117e-09    0.00000000e+00    1.19891329e+00   -3.90647836e-07
   3.17669318e-09    0.00000000e+00    1.19908318e+00   -3.27973042e-07
   3.18185720e-09    0.00000000e+00    1.19934906e+00   -2.34398830e-07
   3.18702121e-09    0.00000000e+00    1.19953785e+00   -1.64921912e-07
   3.19218523e-09    0.00000000e+00    1.19967189e+00   -1.18605394e-07
   3.19734924e-09    0.00000000e+00    1.19976706e+00   -8.26998969e-08
   3.20767727e-09    0.00000000e+00    1.19988507e+00   -4.21235589e-08
   3.22833333e-09    0.00000000e+00    1.19997798e+00   -7.02137186e-09
   3.26964545e-09    0.00000000e+00    1.20000332e+00    3.09178899e-10
   3.30532277e-09    0.00000000e+00    1.19999973e+00    7.79796332e-10
   3.34100010e-09    0.00000000e+00    1.20000001e+00   -8.79350986e-10
   3.37667743e-09    0.00000000e+00    1.19999999e+00    8.73929095e-10
   3.44803208e-09    0.00000000e+00    1.19999999e+00   -8.86236527e-10
   3.59074138e-09    0.00000000e+00    1.19999999e+00    8.74296715e-10
   3.87615999e-09    0.00000000e+00    1.19999999e+00   -8.86325172e-10
   4.27615999e-09    0.00000000e+00    1.19999999e+00    8.74333175e-10
   4.67615999e-09    0.00000000e+00    1.19999999e+00   -8.86350312e-10
   5.00000000e-09    0.00000000e+00    1.19999999e+00    8.74356878e-10
End of Xyce(TM) Simulation
